1-Wire/iButton Part Number: DS1921G-F5
1-Wire/iButton Registration Number: 4E000000414F4021
Is Mission Active?  true
Mission Start:  Fri Jun 28 08:59:00 BOT 2019
Sample Rate:  Every 30 minute(s)
Number of Mission Samples:  1680
Total Samples:  5748
Roll Over Enabled?  false
Roll Over Occurred?  Roll over has NOT occurred
Active Alarms:  None fired
Next Clock Alarm At:  Disabled
High Temperature Alarm:  85 �C
Low Temperature Alarm:  -40 �C

Date/Time,Unit,Value
6/28/19 8:59:00 AM,C,31.5
6/28/19 9:29:00 AM,C,31.5
6/28/19 9:59:00 AM,C,31
6/28/19 10:29:00 AM,C,31.5
6/28/19 10:59:00 AM,C,32
6/28/19 11:29:00 AM,C,32.5
6/28/19 11:59:00 AM,C,33.5
6/28/19 12:29:00 PM,C,32.5
6/28/19 12:59:00 PM,C,32.5
6/28/19 1:29:00 PM,C,33.5
6/28/19 1:59:00 PM,C,33
6/28/19 2:29:00 PM,C,33
6/28/19 2:59:00 PM,C,34
6/28/19 3:29:00 PM,C,34.5
6/28/19 3:59:00 PM,C,38.5
6/28/19 4:29:00 PM,C,35.5
6/28/19 4:59:00 PM,C,31.5
6/28/19 5:29:00 PM,C,31
6/28/19 5:59:00 PM,C,30
6/28/19 6:29:00 PM,C,30
6/28/19 6:59:00 PM,C,29
6/28/19 7:29:00 PM,C,29
6/28/19 7:59:00 PM,C,29
6/28/19 8:29:00 PM,C,28.5
6/28/19 8:59:00 PM,C,28.5
6/28/19 9:29:00 PM,C,28.5
6/28/19 9:59:00 PM,C,28.5
6/28/19 10:29:00 PM,C,28
6/28/19 10:59:00 PM,C,28
6/28/19 11:29:00 PM,C,28
6/28/19 11:59:00 PM,C,28
6/29/19 12:29:00 AM,C,28
6/29/19 12:59:00 AM,C,28
6/29/19 1:29:00 AM,C,27.5
6/29/19 1:59:00 AM,C,27.5
6/29/19 2:29:00 AM,C,27.5
6/29/19 2:59:00 AM,C,27.5
6/29/19 3:29:00 AM,C,27.5
6/29/19 3:59:00 AM,C,27.5
6/29/19 4:29:00 AM,C,27.5
6/29/19 4:59:00 AM,C,27.5
6/29/19 5:29:00 AM,C,27.5
6/29/19 5:59:00 AM,C,27.5
6/29/19 6:29:00 AM,C,27.5
6/29/19 6:59:00 AM,C,28
6/29/19 7:29:00 AM,C,28.5
6/29/19 7:59:00 AM,C,29
6/29/19 8:29:00 AM,C,29.5
6/29/19 8:59:00 AM,C,30.5
6/29/19 9:29:00 AM,C,31
6/29/19 9:59:00 AM,C,31.5
6/29/19 10:29:00 AM,C,32.5
6/29/19 10:59:00 AM,C,32.5
6/29/19 11:29:00 AM,C,33.5
6/29/19 11:59:00 AM,C,34
6/29/19 12:29:00 PM,C,34.5
6/29/19 12:59:00 PM,C,34.5
6/29/19 1:29:00 PM,C,35
6/29/19 1:59:00 PM,C,35
6/29/19 2:29:00 PM,C,35.5
6/29/19 2:59:00 PM,C,36.5
6/29/19 3:29:00 PM,C,38.5
6/29/19 3:59:00 PM,C,39
6/29/19 4:29:00 PM,C,39.5
6/29/19 4:59:00 PM,C,38.5
6/29/19 5:29:00 PM,C,39
6/29/19 5:59:00 PM,C,34.5
6/29/19 6:29:00 PM,C,33
6/29/19 6:59:00 PM,C,31.5
6/29/19 7:29:00 PM,C,30.5
6/29/19 7:59:00 PM,C,30
6/29/19 8:29:00 PM,C,29.5
6/29/19 8:59:00 PM,C,29.5
6/29/19 9:29:00 PM,C,29
6/29/19 9:59:00 PM,C,29
6/29/19 10:29:00 PM,C,29
6/29/19 10:59:00 PM,C,28.5
6/29/19 11:29:00 PM,C,28.5
6/29/19 11:59:00 PM,C,28.5
6/30/19 12:29:00 AM,C,28.5
6/30/19 12:59:00 AM,C,28.5
6/30/19 1:29:00 AM,C,28
6/30/19 1:59:00 AM,C,28
6/30/19 2:29:00 AM,C,28
6/30/19 2:59:00 AM,C,28
6/30/19 3:29:00 AM,C,28
6/30/19 3:59:00 AM,C,27.5
6/30/19 4:29:00 AM,C,27.5
6/30/19 4:59:00 AM,C,27.5
6/30/19 5:29:00 AM,C,27.5
6/30/19 5:59:00 AM,C,27.5
6/30/19 6:29:00 AM,C,28
6/30/19 6:59:00 AM,C,28
6/30/19 7:29:00 AM,C,28.5
6/30/19 7:59:00 AM,C,29
6/30/19 8:29:00 AM,C,30
6/30/19 8:59:00 AM,C,31
6/30/19 9:29:00 AM,C,31.5
6/30/19 9:59:00 AM,C,32
6/30/19 10:29:00 AM,C,33
6/30/19 10:59:00 AM,C,33.5
6/30/19 11:29:00 AM,C,34
6/30/19 11:59:00 AM,C,34
6/30/19 12:29:00 PM,C,34.5
6/30/19 12:59:00 PM,C,34.5
6/30/19 1:29:00 PM,C,35
6/30/19 1:59:00 PM,C,35
6/30/19 2:29:00 PM,C,35.5
6/30/19 2:59:00 PM,C,36
6/30/19 3:29:00 PM,C,38
6/30/19 3:59:00 PM,C,39
6/30/19 4:29:00 PM,C,39.5
6/30/19 4:59:00 PM,C,40
6/30/19 5:29:00 PM,C,40
6/30/19 5:59:00 PM,C,38.5
6/30/19 6:29:00 PM,C,34.5
6/30/19 6:59:00 PM,C,32
6/30/19 7:29:00 PM,C,31
6/30/19 7:59:00 PM,C,30.5
6/30/19 8:29:00 PM,C,30.5
6/30/19 8:59:00 PM,C,30
6/30/19 9:29:00 PM,C,29.5
6/30/19 9:59:00 PM,C,29.5
6/30/19 10:29:00 PM,C,29.5
6/30/19 10:59:00 PM,C,29
6/30/19 11:29:00 PM,C,29
6/30/19 11:59:00 PM,C,29
7/1/19 12:29:00 AM,C,28.5
7/1/19 12:59:00 AM,C,28.5
7/1/19 1:29:00 AM,C,28
7/1/19 1:59:00 AM,C,28
7/1/19 2:29:00 AM,C,28
7/1/19 2:59:00 AM,C,27.5
7/1/19 3:29:00 AM,C,28
7/1/19 3:59:00 AM,C,27.5
7/1/19 4:29:00 AM,C,27.5
7/1/19 4:59:00 AM,C,27.5
7/1/19 5:29:00 AM,C,27.5
7/1/19 5:59:00 AM,C,27.5
7/1/19 6:29:00 AM,C,27.5
7/1/19 6:59:00 AM,C,28
7/1/19 7:29:00 AM,C,28.5
7/1/19 7:59:00 AM,C,29.5
7/1/19 8:29:00 AM,C,30
7/1/19 8:59:00 AM,C,31
7/1/19 9:29:00 AM,C,31.5
7/1/19 9:59:00 AM,C,32
7/1/19 10:29:00 AM,C,33
7/1/19 10:59:00 AM,C,33
7/1/19 11:29:00 AM,C,34
7/1/19 11:59:00 AM,C,34
7/1/19 12:29:00 PM,C,34.5
7/1/19 12:59:00 PM,C,34.5
7/1/19 1:29:00 PM,C,34.5
7/1/19 1:59:00 PM,C,34.5
7/1/19 2:29:00 PM,C,35
7/1/19 2:59:00 PM,C,36
7/1/19 3:29:00 PM,C,37.5
7/1/19 3:59:00 PM,C,37.5
7/1/19 4:29:00 PM,C,40.5
7/1/19 4:59:00 PM,C,38
7/1/19 5:29:00 PM,C,40.5
7/1/19 5:59:00 PM,C,36
7/1/19 6:29:00 PM,C,34
7/1/19 6:59:00 PM,C,32
7/1/19 7:29:00 PM,C,30.5
7/1/19 7:59:00 PM,C,30.5
7/1/19 8:29:00 PM,C,30
7/1/19 8:59:00 PM,C,29.5
7/1/19 9:29:00 PM,C,29.5
7/1/19 9:59:00 PM,C,29
7/1/19 10:29:00 PM,C,29
7/1/19 10:59:00 PM,C,29
7/1/19 11:29:00 PM,C,28.5
7/1/19 11:59:00 PM,C,28.5
7/2/19 12:29:00 AM,C,28.5
7/2/19 12:59:00 AM,C,28.5
7/2/19 1:29:00 AM,C,28
7/2/19 1:59:00 AM,C,28
7/2/19 2:29:00 AM,C,28
7/2/19 2:59:00 AM,C,28
7/2/19 3:29:00 AM,C,27.5
7/2/19 3:59:00 AM,C,27.5
7/2/19 4:29:00 AM,C,27.5
7/2/19 4:59:00 AM,C,27.5
7/2/19 5:29:00 AM,C,27.5
7/2/19 5:59:00 AM,C,27.5
7/2/19 6:29:00 AM,C,27.5
7/2/19 6:59:00 AM,C,28
7/2/19 7:29:00 AM,C,28.5
7/2/19 7:59:00 AM,C,29.5
7/2/19 8:29:00 AM,C,30.5
7/2/19 8:59:00 AM,C,32
7/2/19 9:29:00 AM,C,32.5
7/2/19 9:59:00 AM,C,32.5
7/2/19 10:29:00 AM,C,33
7/2/19 10:59:00 AM,C,33.5
7/2/19 11:29:00 AM,C,34.5
7/2/19 11:59:00 AM,C,35
7/2/19 12:29:00 PM,C,35
7/2/19 12:59:00 PM,C,35
7/2/19 1:29:00 PM,C,35.5
7/2/19 1:59:00 PM,C,36
7/2/19 2:29:00 PM,C,36.5
7/2/19 2:59:00 PM,C,38
7/2/19 3:29:00 PM,C,36.5
7/2/19 3:59:00 PM,C,38.5
7/2/19 4:29:00 PM,C,35.5
7/2/19 4:59:00 PM,C,44.5
7/2/19 5:29:00 PM,C,43.5
7/2/19 5:59:00 PM,C,44
7/2/19 6:29:00 PM,C,39.5
7/2/19 6:59:00 PM,C,36
7/2/19 7:29:00 PM,C,33.5
7/2/19 7:59:00 PM,C,32.5
7/2/19 8:29:00 PM,C,31.5
7/2/19 8:59:00 PM,C,31.5
7/2/19 9:29:00 PM,C,30.5
7/2/19 9:59:00 PM,C,30
7/2/19 10:29:00 PM,C,29.5
7/2/19 10:59:00 PM,C,29.5
7/2/19 11:29:00 PM,C,29
7/2/19 11:59:00 PM,C,29.5
7/3/19 12:29:00 AM,C,29
7/3/19 12:59:00 AM,C,28.5
7/3/19 1:29:00 AM,C,28.5
7/3/19 1:59:00 AM,C,28.5
7/3/19 2:29:00 AM,C,28
7/3/19 2:59:00 AM,C,28
7/3/19 3:29:00 AM,C,28
7/3/19 3:59:00 AM,C,28
7/3/19 4:29:00 AM,C,28
7/3/19 4:59:00 AM,C,27.5
7/3/19 5:29:00 AM,C,27.5
7/3/19 5:59:00 AM,C,27.5
7/3/19 6:29:00 AM,C,27.5
7/3/19 6:59:00 AM,C,28
7/3/19 7:29:00 AM,C,28.5
7/3/19 7:59:00 AM,C,29
7/3/19 8:29:00 AM,C,30
7/3/19 8:59:00 AM,C,30.5
7/3/19 9:29:00 AM,C,31.5
7/3/19 9:59:00 AM,C,32.5
7/3/19 10:29:00 AM,C,33
7/3/19 10:59:00 AM,C,33.5
7/3/19 11:29:00 AM,C,34
7/3/19 11:59:00 AM,C,34
7/3/19 12:29:00 PM,C,34
7/3/19 12:59:00 PM,C,34
7/3/19 1:29:00 PM,C,34
7/3/19 1:59:00 PM,C,34.5
7/3/19 2:29:00 PM,C,35
7/3/19 2:59:00 PM,C,36
7/3/19 3:29:00 PM,C,38
7/3/19 3:59:00 PM,C,39.5
7/3/19 4:29:00 PM,C,39.5
7/3/19 4:59:00 PM,C,40.5
7/3/19 5:29:00 PM,C,39
7/3/19 5:59:00 PM,C,37.5
7/3/19 6:29:00 PM,C,33.5
7/3/19 6:59:00 PM,C,32.5
7/3/19 7:29:00 PM,C,31.5
7/3/19 7:59:00 PM,C,30.5
7/3/19 8:29:00 PM,C,30.5
7/3/19 8:59:00 PM,C,30
7/3/19 9:29:00 PM,C,29.5
7/3/19 9:59:00 PM,C,29.5
7/3/19 10:29:00 PM,C,29
7/3/19 10:59:00 PM,C,28.5
7/3/19 11:29:00 PM,C,28.5
7/3/19 11:59:00 PM,C,28.5
7/4/19 12:29:00 AM,C,28.5
7/4/19 12:59:00 AM,C,28
7/4/19 1:29:00 AM,C,28
7/4/19 1:59:00 AM,C,28
7/4/19 2:29:00 AM,C,28
7/4/19 2:59:00 AM,C,28
7/4/19 3:29:00 AM,C,28
7/4/19 3:59:00 AM,C,28
7/4/19 4:29:00 AM,C,28
7/4/19 4:59:00 AM,C,28
7/4/19 5:29:00 AM,C,28
7/4/19 5:59:00 AM,C,28
7/4/19 6:29:00 AM,C,28
7/4/19 6:59:00 AM,C,28.5
7/4/19 7:29:00 AM,C,29.5
7/4/19 7:59:00 AM,C,30.5
7/4/19 8:29:00 AM,C,31
7/4/19 8:59:00 AM,C,32.5
7/4/19 9:29:00 AM,C,33
7/4/19 9:59:00 AM,C,33
7/4/19 10:29:00 AM,C,33.5
7/4/19 10:59:00 AM,C,34
7/4/19 11:29:00 AM,C,34.5
7/4/19 11:59:00 AM,C,34
7/4/19 12:29:00 PM,C,34.5
7/4/19 12:59:00 PM,C,35
7/4/19 1:29:00 PM,C,35
7/4/19 1:59:00 PM,C,35.5
7/4/19 2:29:00 PM,C,35.5
7/4/19 2:59:00 PM,C,37
7/4/19 3:29:00 PM,C,38.5
7/4/19 3:59:00 PM,C,40
7/4/19 4:29:00 PM,C,41.5
7/4/19 4:59:00 PM,C,41
7/4/19 5:29:00 PM,C,40
7/4/19 5:59:00 PM,C,37
7/4/19 6:29:00 PM,C,32
7/4/19 6:59:00 PM,C,31.5
7/4/19 7:29:00 PM,C,31
7/4/19 7:59:00 PM,C,30.5
7/4/19 8:29:00 PM,C,30
7/4/19 8:59:00 PM,C,30
7/4/19 9:29:00 PM,C,29
7/4/19 9:59:00 PM,C,29
7/4/19 10:29:00 PM,C,29
7/4/19 10:59:00 PM,C,29
7/4/19 11:29:00 PM,C,27.5
7/4/19 11:59:00 PM,C,28
7/5/19 12:29:00 AM,C,27.5
7/5/19 12:59:00 AM,C,27.5
7/5/19 1:29:00 AM,C,28
7/5/19 1:59:00 AM,C,27.5
7/5/19 2:29:00 AM,C,28
7/5/19 2:59:00 AM,C,27.5
7/5/19 3:29:00 AM,C,27.5
7/5/19 3:59:00 AM,C,27.5
7/5/19 4:29:00 AM,C,27.5
7/5/19 4:59:00 AM,C,27.5
7/5/19 5:29:00 AM,C,27.5
7/5/19 5:59:00 AM,C,27.5
7/5/19 6:29:00 AM,C,27.5
7/5/19 6:59:00 AM,C,28
7/5/19 7:29:00 AM,C,28.5
7/5/19 7:59:00 AM,C,27.5
7/5/19 8:29:00 AM,C,27.5
7/5/19 8:59:00 AM,C,29.5
7/5/19 9:29:00 AM,C,30
7/5/19 9:59:00 AM,C,30.5
7/5/19 10:29:00 AM,C,31.5
7/5/19 10:59:00 AM,C,32
7/5/19 11:29:00 AM,C,32.5
7/5/19 11:59:00 AM,C,33
7/5/19 12:29:00 PM,C,34
7/5/19 12:59:00 PM,C,29
7/5/19 1:29:00 PM,C,32
7/5/19 1:59:00 PM,C,32.5
7/5/19 2:29:00 PM,C,31.5
7/5/19 2:59:00 PM,C,33
7/5/19 3:29:00 PM,C,31
7/5/19 3:59:00 PM,C,31
7/5/19 4:29:00 PM,C,31.5
7/5/19 4:59:00 PM,C,31
7/5/19 5:29:00 PM,C,30.5
7/5/19 5:59:00 PM,C,29.5
7/5/19 6:29:00 PM,C,29.5
7/5/19 6:59:00 PM,C,29
7/5/19 7:29:00 PM,C,28.5
7/5/19 7:59:00 PM,C,28.5
7/5/19 8:29:00 PM,C,28.5
7/5/19 8:59:00 PM,C,28.5
7/5/19 9:29:00 PM,C,28.5
7/5/19 9:59:00 PM,C,28.5
7/5/19 10:29:00 PM,C,28
7/5/19 10:59:00 PM,C,28
7/5/19 11:29:00 PM,C,28
7/5/19 11:59:00 PM,C,28
7/6/19 12:29:00 AM,C,28
7/6/19 12:59:00 AM,C,28
7/6/19 1:29:00 AM,C,28
7/6/19 1:59:00 AM,C,27.5
7/6/19 2:29:00 AM,C,27.5
7/6/19 2:59:00 AM,C,27.5
7/6/19 3:29:00 AM,C,27.5
7/6/19 3:59:00 AM,C,27.5
7/6/19 4:29:00 AM,C,27.5
7/6/19 4:59:00 AM,C,27.5
7/6/19 5:29:00 AM,C,27.5
7/6/19 5:59:00 AM,C,27.5
7/6/19 6:29:00 AM,C,27.5
7/6/19 6:59:00 AM,C,27.5
7/6/19 7:29:00 AM,C,28.5
7/6/19 7:59:00 AM,C,29
7/6/19 8:29:00 AM,C,29.5
7/6/19 8:59:00 AM,C,30.5
7/6/19 9:29:00 AM,C,31.5
7/6/19 9:59:00 AM,C,32
7/6/19 10:29:00 AM,C,32.5
7/6/19 10:59:00 AM,C,33
7/6/19 11:29:00 AM,C,32.5
7/6/19 11:59:00 AM,C,33.5
7/6/19 12:29:00 PM,C,34
7/6/19 12:59:00 PM,C,34
7/6/19 1:29:00 PM,C,34.5
7/6/19 1:59:00 PM,C,35
7/6/19 2:29:00 PM,C,36
7/6/19 2:59:00 PM,C,36.5
7/6/19 3:29:00 PM,C,36
7/6/19 3:59:00 PM,C,38.5
7/6/19 4:29:00 PM,C,39
7/6/19 4:59:00 PM,C,41
7/6/19 5:29:00 PM,C,38.5
7/6/19 5:59:00 PM,C,34.5
7/6/19 6:29:00 PM,C,32.5
7/6/19 6:59:00 PM,C,31
7/6/19 7:29:00 PM,C,30.5
7/6/19 7:59:00 PM,C,30
7/6/19 8:29:00 PM,C,29.5
7/6/19 8:59:00 PM,C,29
7/6/19 9:29:00 PM,C,29
7/6/19 9:59:00 PM,C,29
7/6/19 10:29:00 PM,C,28.5
7/6/19 10:59:00 PM,C,28.5
7/6/19 11:29:00 PM,C,28.5
7/6/19 11:59:00 PM,C,28.5
7/7/19 12:29:00 AM,C,28
7/7/19 12:59:00 AM,C,27.5
7/7/19 1:29:00 AM,C,28
7/7/19 1:59:00 AM,C,27.5
7/7/19 2:29:00 AM,C,27.5
7/7/19 2:59:00 AM,C,27.5
7/7/19 3:29:00 AM,C,27.5
7/7/19 3:59:00 AM,C,27.5
7/7/19 4:29:00 AM,C,27.5
7/7/19 4:59:00 AM,C,27.5
7/7/19 5:29:00 AM,C,27
7/7/19 5:59:00 AM,C,27
7/7/19 6:29:00 AM,C,27.5
7/7/19 6:59:00 AM,C,27.5
7/7/19 7:29:00 AM,C,28
7/7/19 7:59:00 AM,C,28.5
7/7/19 8:29:00 AM,C,28.5
7/7/19 8:59:00 AM,C,29.5
7/7/19 9:29:00 AM,C,30.5
7/7/19 9:59:00 AM,C,31
7/7/19 10:29:00 AM,C,32
7/7/19 10:59:00 AM,C,31.5
7/7/19 11:29:00 AM,C,32.5
7/7/19 11:59:00 AM,C,33.5
7/7/19 12:29:00 PM,C,34.5
7/7/19 12:59:00 PM,C,34
7/7/19 1:29:00 PM,C,34.5
7/7/19 1:59:00 PM,C,33.5
7/7/19 2:29:00 PM,C,34
7/7/19 2:59:00 PM,C,34
7/7/19 3:29:00 PM,C,36
7/7/19 3:59:00 PM,C,35
7/7/19 4:29:00 PM,C,37
7/7/19 4:59:00 PM,C,35.5
7/7/19 5:29:00 PM,C,35
7/7/19 5:59:00 PM,C,32
7/7/19 6:29:00 PM,C,31
7/7/19 6:59:00 PM,C,30
7/7/19 7:29:00 PM,C,29.5
7/7/19 7:59:00 PM,C,29
7/7/19 8:29:00 PM,C,29
7/7/19 8:59:00 PM,C,28.5
7/7/19 9:29:00 PM,C,28.5
7/7/19 9:59:00 PM,C,28.5
7/7/19 10:29:00 PM,C,28
7/7/19 10:59:00 PM,C,28
7/7/19 11:29:00 PM,C,28
7/7/19 11:59:00 PM,C,28
7/8/19 12:29:00 AM,C,28
7/8/19 12:59:00 AM,C,28
7/8/19 1:29:00 AM,C,28
7/8/19 1:59:00 AM,C,27.5
7/8/19 2:29:00 AM,C,27.5
7/8/19 2:59:00 AM,C,27.5
7/8/19 3:29:00 AM,C,27.5
7/8/19 3:59:00 AM,C,27.5
7/8/19 4:29:00 AM,C,27
7/8/19 4:59:00 AM,C,27
7/8/19 5:29:00 AM,C,26.5
7/8/19 5:59:00 AM,C,26.5
7/8/19 6:29:00 AM,C,25.5
7/8/19 6:59:00 AM,C,26
7/8/19 7:29:00 AM,C,26
7/8/19 7:59:00 AM,C,26
7/8/19 8:29:00 AM,C,27.5
7/8/19 8:59:00 AM,C,29
7/8/19 9:29:00 AM,C,30.5
7/8/19 9:59:00 AM,C,30.5
7/8/19 10:29:00 AM,C,30.5
7/8/19 10:59:00 AM,C,31
7/8/19 11:29:00 AM,C,32
7/8/19 11:59:00 AM,C,31.5
7/8/19 12:29:00 PM,C,33
7/8/19 12:59:00 PM,C,33
7/8/19 1:29:00 PM,C,33
7/8/19 1:59:00 PM,C,33
7/8/19 2:29:00 PM,C,34
7/8/19 2:59:00 PM,C,35.5
7/8/19 3:29:00 PM,C,39
7/8/19 3:59:00 PM,C,39
7/8/19 4:29:00 PM,C,39
7/8/19 4:59:00 PM,C,42.5
7/8/19 5:29:00 PM,C,39.5
7/8/19 5:59:00 PM,C,38.5
7/8/19 6:29:00 PM,C,35.5
7/8/19 6:59:00 PM,C,32.5
7/8/19 7:29:00 PM,C,31.5
7/8/19 7:59:00 PM,C,30.5
7/8/19 8:29:00 PM,C,30
7/8/19 8:59:00 PM,C,29.5
7/8/19 9:29:00 PM,C,29.5
7/8/19 9:59:00 PM,C,29
7/8/19 10:29:00 PM,C,29
7/8/19 10:59:00 PM,C,28.5
7/8/19 11:29:00 PM,C,28.5
7/8/19 11:59:00 PM,C,28.5
7/9/19 12:29:00 AM,C,28.5
7/9/19 12:59:00 AM,C,28.5
7/9/19 1:29:00 AM,C,28.5
7/9/19 1:59:00 AM,C,28
7/9/19 2:29:00 AM,C,28
7/9/19 2:59:00 AM,C,28
7/9/19 3:29:00 AM,C,28
7/9/19 3:59:00 AM,C,28
7/9/19 4:29:00 AM,C,28
7/9/19 4:59:00 AM,C,28
7/9/19 5:29:00 AM,C,28
7/9/19 5:59:00 AM,C,28
7/9/19 6:29:00 AM,C,28
7/9/19 6:59:00 AM,C,28.5
7/9/19 7:29:00 AM,C,29
7/9/19 7:59:00 AM,C,30
7/9/19 8:29:00 AM,C,30.5
7/9/19 8:59:00 AM,C,32
7/9/19 9:29:00 AM,C,33
7/9/19 9:59:00 AM,C,34
7/9/19 10:29:00 AM,C,34.5
7/9/19 10:59:00 AM,C,34.5
7/9/19 11:29:00 AM,C,36
7/9/19 11:59:00 AM,C,36.5
7/9/19 12:29:00 PM,C,35.5
7/9/19 12:59:00 PM,C,33.5
7/9/19 1:29:00 PM,C,32.5
7/9/19 1:59:00 PM,C,32.5
7/9/19 2:29:00 PM,C,34
7/9/19 2:59:00 PM,C,34.5
7/9/19 3:29:00 PM,C,34
7/9/19 3:59:00 PM,C,34.5
7/9/19 4:29:00 PM,C,36
7/9/19 4:59:00 PM,C,36
7/9/19 5:29:00 PM,C,33.5
7/9/19 5:59:00 PM,C,32
7/9/19 6:29:00 PM,C,30.5
7/9/19 6:59:00 PM,C,30
7/9/19 7:29:00 PM,C,30
7/9/19 7:59:00 PM,C,29.5
7/9/19 8:29:00 PM,C,29.5
7/9/19 8:59:00 PM,C,29
7/9/19 9:29:00 PM,C,29
7/9/19 9:59:00 PM,C,29
7/9/19 10:29:00 PM,C,28.5
7/9/19 10:59:00 PM,C,28.5
7/9/19 11:29:00 PM,C,28.5
7/9/19 11:59:00 PM,C,28.5
7/10/19 12:29:00 AM,C,28.5
7/10/19 12:59:00 AM,C,28.5
7/10/19 1:29:00 AM,C,28.5
7/10/19 1:59:00 AM,C,28.5
7/10/19 2:29:00 AM,C,28.5
7/10/19 2:59:00 AM,C,28
7/10/19 3:29:00 AM,C,28
7/10/19 3:59:00 AM,C,28
7/10/19 4:29:00 AM,C,28
7/10/19 4:59:00 AM,C,28
7/10/19 5:29:00 AM,C,28
7/10/19 5:59:00 AM,C,28
7/10/19 6:29:00 AM,C,28
7/10/19 6:59:00 AM,C,28.5
7/10/19 7:29:00 AM,C,29
7/10/19 7:59:00 AM,C,29.5
7/10/19 8:29:00 AM,C,30.5
7/10/19 8:59:00 AM,C,31
7/10/19 9:29:00 AM,C,32
7/10/19 9:59:00 AM,C,32
7/10/19 10:29:00 AM,C,33
7/10/19 10:59:00 AM,C,33.5
7/10/19 11:29:00 AM,C,34
7/10/19 11:59:00 AM,C,34.5
7/10/19 12:29:00 PM,C,34
7/10/19 12:59:00 PM,C,34.5
7/10/19 1:29:00 PM,C,34.5
7/10/19 1:59:00 PM,C,34.5
7/10/19 2:29:00 PM,C,35
7/10/19 2:59:00 PM,C,35.5
7/10/19 3:29:00 PM,C,34.5
7/10/19 3:59:00 PM,C,37
7/10/19 4:29:00 PM,C,39.5
7/10/19 4:59:00 PM,C,40
7/10/19 5:29:00 PM,C,39.5
7/10/19 5:59:00 PM,C,38
7/10/19 6:29:00 PM,C,34
7/10/19 6:59:00 PM,C,32
7/10/19 7:29:00 PM,C,31
7/10/19 7:59:00 PM,C,30.5
7/10/19 8:29:00 PM,C,30.5
7/10/19 8:59:00 PM,C,29.5
7/10/19 9:29:00 PM,C,29.5
7/10/19 9:59:00 PM,C,29
7/10/19 10:29:00 PM,C,29
7/10/19 10:59:00 PM,C,29
7/10/19 11:29:00 PM,C,29
7/10/19 11:59:00 PM,C,28.5
7/11/19 12:29:00 AM,C,28.5
7/11/19 12:59:00 AM,C,28.5
7/11/19 1:29:00 AM,C,28
7/11/19 1:59:00 AM,C,28
7/11/19 2:29:00 AM,C,28
7/11/19 2:59:00 AM,C,28
7/11/19 3:29:00 AM,C,28
7/11/19 3:59:00 AM,C,27.5
7/11/19 4:29:00 AM,C,27.5
7/11/19 4:59:00 AM,C,27.5
7/11/19 5:29:00 AM,C,27.5
7/11/19 5:59:00 AM,C,27.5
7/11/19 6:29:00 AM,C,27.5
7/11/19 6:59:00 AM,C,28
7/11/19 7:29:00 AM,C,28.5
7/11/19 7:59:00 AM,C,29
7/11/19 8:29:00 AM,C,30.5
7/11/19 8:59:00 AM,C,30.5
7/11/19 9:29:00 AM,C,31.5
7/11/19 9:59:00 AM,C,32.5
7/11/19 10:29:00 AM,C,33
7/11/19 10:59:00 AM,C,34
7/11/19 11:29:00 AM,C,34.5
7/11/19 11:59:00 AM,C,34
7/11/19 12:29:00 PM,C,34
7/11/19 12:59:00 PM,C,26
7/11/19 1:29:00 PM,C,31.5
7/11/19 1:59:00 PM,C,31
7/11/19 2:29:00 PM,C,30
7/11/19 2:59:00 PM,C,30.5
7/11/19 3:29:00 PM,C,34.5
7/11/19 3:59:00 PM,C,33
7/11/19 4:29:00 PM,C,30.5
7/11/19 4:59:00 PM,C,31
7/11/19 5:29:00 PM,C,34.5
7/11/19 5:59:00 PM,C,29.5
7/11/19 6:29:00 PM,C,28.5
7/11/19 6:59:00 PM,C,27.5
7/11/19 7:29:00 PM,C,25.5
7/11/19 7:59:00 PM,C,26
7/11/19 8:29:00 PM,C,26
7/11/19 8:59:00 PM,C,26
7/11/19 9:29:00 PM,C,26
7/11/19 9:59:00 PM,C,26
7/11/19 10:29:00 PM,C,26
7/11/19 10:59:00 PM,C,26
7/11/19 11:29:00 PM,C,26
7/11/19 11:59:00 PM,C,26
7/12/19 12:29:00 AM,C,26
7/12/19 12:59:00 AM,C,26
7/12/19 1:29:00 AM,C,26
7/12/19 1:59:00 AM,C,26
7/12/19 2:29:00 AM,C,26
7/12/19 2:59:00 AM,C,26
7/12/19 3:29:00 AM,C,26
7/12/19 3:59:00 AM,C,26
7/12/19 4:29:00 AM,C,26
7/12/19 4:59:00 AM,C,26
7/12/19 5:29:00 AM,C,26
7/12/19 5:59:00 AM,C,26
7/12/19 6:29:00 AM,C,26
7/12/19 6:59:00 AM,C,26.5
7/12/19 7:29:00 AM,C,27
7/12/19 7:59:00 AM,C,28
7/12/19 8:29:00 AM,C,28.5
7/12/19 8:59:00 AM,C,29.5
7/12/19 9:29:00 AM,C,30.5
7/12/19 9:59:00 AM,C,31
7/12/19 10:29:00 AM,C,31.5
7/12/19 10:59:00 AM,C,32.5
7/12/19 11:29:00 AM,C,33
7/12/19 11:59:00 AM,C,33.5
7/12/19 12:29:00 PM,C,34.5
7/12/19 12:59:00 PM,C,34.5
7/12/19 1:29:00 PM,C,33.5
7/12/19 1:59:00 PM,C,34.5
7/12/19 2:29:00 PM,C,35.5
7/12/19 2:59:00 PM,C,32
7/12/19 3:29:00 PM,C,35
7/12/19 3:59:00 PM,C,39.5
7/12/19 4:29:00 PM,C,41.5
7/12/19 4:59:00 PM,C,36.5
7/12/19 5:29:00 PM,C,37
7/12/19 5:59:00 PM,C,40
7/12/19 6:29:00 PM,C,33
7/12/19 6:59:00 PM,C,31
7/12/19 7:29:00 PM,C,30
7/12/19 7:59:00 PM,C,30
7/12/19 8:29:00 PM,C,30
7/12/19 8:59:00 PM,C,29
7/12/19 9:29:00 PM,C,29
7/12/19 9:59:00 PM,C,29
7/12/19 10:29:00 PM,C,28.5
7/12/19 10:59:00 PM,C,28.5
7/12/19 11:29:00 PM,C,28.5
7/12/19 11:59:00 PM,C,28.5
7/13/19 12:29:00 AM,C,28
7/13/19 12:59:00 AM,C,28
7/13/19 1:29:00 AM,C,28
7/13/19 1:59:00 AM,C,27.5
7/13/19 2:29:00 AM,C,27.5
7/13/19 2:59:00 AM,C,27.5
7/13/19 3:29:00 AM,C,27.5
7/13/19 3:59:00 AM,C,27.5
7/13/19 4:29:00 AM,C,27.5
7/13/19 4:59:00 AM,C,27
7/13/19 5:29:00 AM,C,27
7/13/19 5:59:00 AM,C,27
7/13/19 6:29:00 AM,C,27.5
7/13/19 6:59:00 AM,C,28
7/13/19 7:29:00 AM,C,28
7/13/19 7:59:00 AM,C,29.5
7/13/19 8:29:00 AM,C,29.5
7/13/19 8:59:00 AM,C,31
7/13/19 9:29:00 AM,C,31.5
7/13/19 9:59:00 AM,C,32
7/13/19 10:29:00 AM,C,32
7/13/19 10:59:00 AM,C,33.5
7/13/19 11:29:00 AM,C,34
7/13/19 11:59:00 AM,C,34
7/13/19 12:29:00 PM,C,34.5
7/13/19 12:59:00 PM,C,34.5
7/13/19 1:29:00 PM,C,35
7/13/19 1:59:00 PM,C,35.5
7/13/19 2:29:00 PM,C,35
7/13/19 2:59:00 PM,C,34.5
7/13/19 3:29:00 PM,C,38
7/13/19 3:59:00 PM,C,40
7/13/19 4:29:00 PM,C,33.5
7/13/19 4:59:00 PM,C,40.5
7/13/19 5:29:00 PM,C,41
7/13/19 5:59:00 PM,C,36
7/13/19 6:29:00 PM,C,35.5
7/13/19 6:59:00 PM,C,31
7/13/19 7:29:00 PM,C,30.5
7/13/19 7:59:00 PM,C,30
7/13/19 8:29:00 PM,C,29.5
7/13/19 8:59:00 PM,C,29
7/13/19 9:29:00 PM,C,29
7/13/19 9:59:00 PM,C,29
7/13/19 10:29:00 PM,C,29
7/13/19 10:59:00 PM,C,28.5
7/13/19 11:29:00 PM,C,28.5
7/13/19 11:59:00 PM,C,28.5
7/14/19 12:29:00 AM,C,28.5
7/14/19 12:59:00 AM,C,28
7/14/19 1:29:00 AM,C,28
7/14/19 1:59:00 AM,C,28
7/14/19 2:29:00 AM,C,28
7/14/19 2:59:00 AM,C,28
7/14/19 3:29:00 AM,C,27.5
7/14/19 3:59:00 AM,C,27.5
7/14/19 4:29:00 AM,C,27.5
7/14/19 4:59:00 AM,C,27.5
7/14/19 5:29:00 AM,C,27.5
7/14/19 5:59:00 AM,C,27.5
7/14/19 6:29:00 AM,C,27.5
7/14/19 6:59:00 AM,C,28.5
7/14/19 7:29:00 AM,C,28.5
7/14/19 7:59:00 AM,C,29.5
7/14/19 8:29:00 AM,C,29.5
7/14/19 8:59:00 AM,C,31.5
7/14/19 9:29:00 AM,C,32
7/14/19 9:59:00 AM,C,32.5
7/14/19 10:29:00 AM,C,33.5
7/14/19 10:59:00 AM,C,33.5
7/14/19 11:29:00 AM,C,33.5
7/14/19 11:59:00 AM,C,34.5
7/14/19 12:29:00 PM,C,35
7/14/19 12:59:00 PM,C,32.5
7/14/19 1:29:00 PM,C,34
7/14/19 1:59:00 PM,C,32.5
7/14/19 2:29:00 PM,C,31
7/14/19 2:59:00 PM,C,31.5
7/14/19 3:29:00 PM,C,34.5
7/14/19 3:59:00 PM,C,38.5
7/14/19 4:29:00 PM,C,40
7/14/19 4:59:00 PM,C,40.5
7/14/19 5:29:00 PM,C,41
7/14/19 5:59:00 PM,C,38
7/14/19 6:29:00 PM,C,32.5
7/14/19 6:59:00 PM,C,30.5
7/14/19 7:29:00 PM,C,30
7/14/19 7:59:00 PM,C,29.5
7/14/19 8:29:00 PM,C,29.5
7/14/19 8:59:00 PM,C,29
7/14/19 9:29:00 PM,C,29
7/14/19 9:59:00 PM,C,28.5
7/14/19 10:29:00 PM,C,28.5
7/14/19 10:59:00 PM,C,28.5
7/14/19 11:29:00 PM,C,28.5
7/14/19 11:59:00 PM,C,28
7/15/19 12:29:00 AM,C,28
7/15/19 12:59:00 AM,C,28
7/15/19 1:29:00 AM,C,28
7/15/19 1:59:00 AM,C,27.5
7/15/19 2:29:00 AM,C,27.5
7/15/19 2:59:00 AM,C,27.5
7/15/19 3:29:00 AM,C,27.5
7/15/19 3:59:00 AM,C,27.5
7/15/19 4:29:00 AM,C,27.5
7/15/19 4:59:00 AM,C,27.5
7/15/19 5:29:00 AM,C,27.5
7/15/19 5:59:00 AM,C,27.5
7/15/19 6:29:00 AM,C,28
7/15/19 6:59:00 AM,C,28
7/15/19 7:29:00 AM,C,28.5
7/15/19 7:59:00 AM,C,29.5
7/15/19 8:29:00 AM,C,30
7/15/19 8:59:00 AM,C,31
7/15/19 9:29:00 AM,C,31.5
7/15/19 9:59:00 AM,C,32.5
7/15/19 10:29:00 AM,C,34
7/15/19 10:59:00 AM,C,34
7/15/19 11:29:00 AM,C,34.5
7/15/19 11:59:00 AM,C,34.5
7/15/19 12:29:00 PM,C,33
7/15/19 12:59:00 PM,C,33
7/15/19 1:29:00 PM,C,34
7/15/19 1:59:00 PM,C,35
7/15/19 2:29:00 PM,C,36
7/15/19 2:59:00 PM,C,35
7/15/19 3:29:00 PM,C,38.5
7/15/19 3:59:00 PM,C,40
7/15/19 4:29:00 PM,C,41.5
7/15/19 4:59:00 PM,C,41.5
7/15/19 5:29:00 PM,C,40.5
7/15/19 5:59:00 PM,C,39
7/15/19 6:29:00 PM,C,33
7/15/19 6:59:00 PM,C,31.5
7/15/19 7:29:00 PM,C,31
7/15/19 7:59:00 PM,C,30.5
7/15/19 8:29:00 PM,C,30
7/15/19 8:59:00 PM,C,29.5
7/15/19 9:29:00 PM,C,30
7/15/19 9:59:00 PM,C,29.5
7/15/19 10:29:00 PM,C,29.5
7/15/19 10:59:00 PM,C,29
7/15/19 11:29:00 PM,C,29
7/15/19 11:59:00 PM,C,29
7/16/19 12:29:00 AM,C,29
7/16/19 12:59:00 AM,C,28.5
7/16/19 1:29:00 AM,C,28.5
7/16/19 1:59:00 AM,C,28.5
7/16/19 2:29:00 AM,C,28
7/16/19 2:59:00 AM,C,28
7/16/19 3:29:00 AM,C,28
7/16/19 3:59:00 AM,C,28
7/16/19 4:29:00 AM,C,28
7/16/19 4:59:00 AM,C,28
7/16/19 5:29:00 AM,C,28
7/16/19 5:59:00 AM,C,27.5
7/16/19 6:29:00 AM,C,27.5
7/16/19 6:59:00 AM,C,28
7/16/19 7:29:00 AM,C,28.5
7/16/19 7:59:00 AM,C,29.5
7/16/19 8:29:00 AM,C,30.5
7/16/19 8:59:00 AM,C,31
7/16/19 9:29:00 AM,C,32
7/16/19 9:59:00 AM,C,32.5
7/16/19 10:29:00 AM,C,33
7/16/19 10:59:00 AM,C,34
7/16/19 11:29:00 AM,C,34.5
7/16/19 11:59:00 AM,C,34
7/16/19 12:29:00 PM,C,34.5
7/16/19 12:59:00 PM,C,34.5
7/16/19 1:29:00 PM,C,35.5
7/16/19 1:59:00 PM,C,36
7/16/19 2:29:00 PM,C,36.5
7/16/19 2:59:00 PM,C,37
7/16/19 3:29:00 PM,C,39.5
7/16/19 3:59:00 PM,C,41
7/16/19 4:29:00 PM,C,41
7/16/19 4:59:00 PM,C,42
7/16/19 5:29:00 PM,C,41
7/16/19 5:59:00 PM,C,41
7/16/19 6:29:00 PM,C,36.5
7/16/19 6:59:00 PM,C,33
7/16/19 7:29:00 PM,C,31.5
7/16/19 7:59:00 PM,C,31
7/16/19 8:29:00 PM,C,30.5
7/16/19 8:59:00 PM,C,30
7/16/19 9:29:00 PM,C,29.5
7/16/19 9:59:00 PM,C,29.5
7/16/19 10:29:00 PM,C,29.5
7/16/19 10:59:00 PM,C,29
7/16/19 11:29:00 PM,C,29
7/16/19 11:59:00 PM,C,29
7/17/19 12:29:00 AM,C,27.5
7/17/19 12:59:00 AM,C,27.5
7/17/19 1:29:00 AM,C,25.5
7/17/19 1:59:00 AM,C,26.5
7/17/19 2:29:00 AM,C,26.5
7/17/19 2:59:00 AM,C,26
7/17/19 3:29:00 AM,C,26
7/17/19 3:59:00 AM,C,26
7/17/19 4:29:00 AM,C,26
7/17/19 4:59:00 AM,C,26.5
7/17/19 5:29:00 AM,C,26.5
7/17/19 5:59:00 AM,C,26
7/17/19 6:29:00 AM,C,26.5
7/17/19 6:59:00 AM,C,27.5
7/17/19 7:29:00 AM,C,28
7/17/19 7:59:00 AM,C,28.5
7/17/19 8:29:00 AM,C,29.5
7/17/19 8:59:00 AM,C,30
7/17/19 9:29:00 AM,C,31
7/17/19 9:59:00 AM,C,32
7/17/19 10:29:00 AM,C,32.5
7/17/19 10:59:00 AM,C,33
7/17/19 11:29:00 AM,C,33
7/17/19 11:59:00 AM,C,34
7/17/19 12:29:00 PM,C,34.5
7/17/19 12:59:00 PM,C,33
7/17/19 1:29:00 PM,C,34
7/17/19 1:59:00 PM,C,32
7/17/19 2:29:00 PM,C,31
7/17/19 2:59:00 PM,C,31
7/17/19 3:29:00 PM,C,29.5
7/17/19 3:59:00 PM,C,38.5
7/17/19 4:29:00 PM,C,37.5
7/17/19 4:59:00 PM,C,39.5
7/17/19 5:29:00 PM,C,40.5
7/17/19 5:59:00 PM,C,36
7/17/19 6:29:00 PM,C,32.5
7/17/19 6:59:00 PM,C,31
7/17/19 7:29:00 PM,C,30
7/17/19 7:59:00 PM,C,29.5
7/17/19 8:29:00 PM,C,29
7/17/19 8:59:00 PM,C,29
7/17/19 9:29:00 PM,C,29
7/17/19 9:59:00 PM,C,28.5
7/17/19 10:29:00 PM,C,28.5
7/17/19 10:59:00 PM,C,28.5
7/17/19 11:29:00 PM,C,28.5
7/17/19 11:59:00 PM,C,28.5
7/18/19 12:29:00 AM,C,28
7/18/19 12:59:00 AM,C,28
7/18/19 1:29:00 AM,C,28
7/18/19 1:59:00 AM,C,28
7/18/19 2:29:00 AM,C,28
7/18/19 2:59:00 AM,C,28
7/18/19 3:29:00 AM,C,27.5
7/18/19 3:59:00 AM,C,27.5
7/18/19 4:29:00 AM,C,27.5
7/18/19 4:59:00 AM,C,27.5
7/18/19 5:29:00 AM,C,27.5
7/18/19 5:59:00 AM,C,27.5
7/18/19 6:29:00 AM,C,27.5
7/18/19 6:59:00 AM,C,28
7/18/19 7:29:00 AM,C,28.5
7/18/19 7:59:00 AM,C,29
7/18/19 8:29:00 AM,C,29.5
7/18/19 8:59:00 AM,C,30.5
7/18/19 9:29:00 AM,C,31
7/18/19 9:59:00 AM,C,32
7/18/19 10:29:00 AM,C,32.5
7/18/19 10:59:00 AM,C,33.5
7/18/19 11:29:00 AM,C,33.5
7/18/19 11:59:00 AM,C,34
7/18/19 12:29:00 PM,C,34.5
7/18/19 12:59:00 PM,C,34.5
7/18/19 1:29:00 PM,C,35
7/18/19 1:59:00 PM,C,35.5
7/18/19 2:29:00 PM,C,36.5
7/18/19 2:59:00 PM,C,35.5
7/18/19 3:29:00 PM,C,38
7/18/19 3:59:00 PM,C,38.5
7/18/19 4:29:00 PM,C,40.5
7/18/19 4:59:00 PM,C,39.5
7/18/19 5:29:00 PM,C,37.5
7/18/19 5:59:00 PM,C,33
7/18/19 6:29:00 PM,C,31.5
7/18/19 6:59:00 PM,C,31.5
7/18/19 7:29:00 PM,C,30.5
7/18/19 7:59:00 PM,C,30.5
7/18/19 8:29:00 PM,C,30
7/18/19 8:59:00 PM,C,29.5
7/18/19 9:29:00 PM,C,29.5
7/18/19 9:59:00 PM,C,29.5
7/18/19 10:29:00 PM,C,29
7/18/19 10:59:00 PM,C,29
7/18/19 11:29:00 PM,C,29
7/18/19 11:59:00 PM,C,29
7/19/19 12:29:00 AM,C,29
7/19/19 12:59:00 AM,C,28.5
7/19/19 1:29:00 AM,C,28.5
7/19/19 1:59:00 AM,C,28.5
7/19/19 2:29:00 AM,C,28.5
7/19/19 2:59:00 AM,C,28.5
7/19/19 3:29:00 AM,C,28.5
7/19/19 3:59:00 AM,C,28.5
7/19/19 4:29:00 AM,C,28
7/19/19 4:59:00 AM,C,28
7/19/19 5:29:00 AM,C,28
7/19/19 5:59:00 AM,C,28
7/19/19 6:29:00 AM,C,28
7/19/19 6:59:00 AM,C,28.5
7/19/19 7:29:00 AM,C,29
7/19/19 7:59:00 AM,C,30
7/19/19 8:29:00 AM,C,31
7/19/19 8:59:00 AM,C,31.5
7/19/19 9:29:00 AM,C,32
7/19/19 9:59:00 AM,C,33
7/19/19 10:29:00 AM,C,33.5
7/19/19 10:59:00 AM,C,34.5
7/19/19 11:29:00 AM,C,35
7/19/19 11:59:00 AM,C,35.5
7/19/19 12:29:00 PM,C,35
7/19/19 12:59:00 PM,C,36
7/19/19 1:29:00 PM,C,36.5
7/19/19 1:59:00 PM,C,26.5
7/19/19 2:29:00 PM,C,26.5
7/19/19 2:59:00 PM,C,25
7/19/19 3:29:00 PM,C,24
7/19/19 3:59:00 PM,C,24
7/19/19 4:29:00 PM,C,24.5
7/19/19 4:59:00 PM,C,26
7/19/19 5:29:00 PM,C,28
7/19/19 5:59:00 PM,C,27.5
7/19/19 6:29:00 PM,C,27
7/19/19 6:59:00 PM,C,27
7/19/19 7:29:00 PM,C,26.5
7/19/19 7:59:00 PM,C,26.5
7/19/19 8:29:00 PM,C,26.5
7/19/19 8:59:00 PM,C,27
7/19/19 9:29:00 PM,C,27
7/19/19 9:59:00 PM,C,27
7/19/19 10:29:00 PM,C,26.5
7/19/19 10:59:00 PM,C,26.5
7/19/19 11:29:00 PM,C,26.5
7/19/19 11:59:00 PM,C,26.5
7/20/19 12:29:00 AM,C,26
7/20/19 12:59:00 AM,C,26
7/20/19 1:29:00 AM,C,26
7/20/19 1:59:00 AM,C,26
7/20/19 2:29:00 AM,C,26
7/20/19 2:59:00 AM,C,26
7/20/19 3:29:00 AM,C,25.5
7/20/19 3:59:00 AM,C,25.5
7/20/19 4:29:00 AM,C,25.5
7/20/19 4:59:00 AM,C,25.5
7/20/19 5:29:00 AM,C,25
7/20/19 5:59:00 AM,C,25
7/20/19 6:29:00 AM,C,25.5
7/20/19 6:59:00 AM,C,25.5
7/20/19 7:29:00 AM,C,25.5
7/20/19 7:59:00 AM,C,26
7/20/19 8:29:00 AM,C,27.5
7/20/19 8:59:00 AM,C,27.5
7/20/19 9:29:00 AM,C,28
7/20/19 9:59:00 AM,C,28
7/20/19 10:29:00 AM,C,30
7/20/19 10:59:00 AM,C,31
7/20/19 11:29:00 AM,C,29
7/20/19 11:59:00 AM,C,27.5
7/20/19 12:29:00 PM,C,26
7/20/19 12:59:00 PM,C,26
7/20/19 1:29:00 PM,C,27.5
7/20/19 1:59:00 PM,C,30
7/20/19 2:29:00 PM,C,30.5
7/20/19 2:59:00 PM,C,31.5
7/20/19 3:29:00 PM,C,34.5
7/20/19 3:59:00 PM,C,38
7/20/19 4:29:00 PM,C,40
7/20/19 4:59:00 PM,C,38
7/20/19 5:29:00 PM,C,34
7/20/19 5:59:00 PM,C,36.5
7/20/19 6:29:00 PM,C,34
7/20/19 6:59:00 PM,C,30.5
7/20/19 7:29:00 PM,C,29.5
7/20/19 7:59:00 PM,C,29.5
7/20/19 8:29:00 PM,C,28.5
7/20/19 8:59:00 PM,C,28.5
7/20/19 9:29:00 PM,C,28
7/20/19 9:59:00 PM,C,28
7/20/19 10:29:00 PM,C,28
7/20/19 10:59:00 PM,C,27.5
7/20/19 11:29:00 PM,C,27.5
7/20/19 11:59:00 PM,C,27.5
7/21/19 12:29:00 AM,C,27.5
7/21/19 12:59:00 AM,C,27.5
7/21/19 1:29:00 AM,C,27
7/21/19 1:59:00 AM,C,27
7/21/19 2:29:00 AM,C,26.5
7/21/19 2:59:00 AM,C,26.5
7/21/19 3:29:00 AM,C,26
7/21/19 3:59:00 AM,C,26
7/21/19 4:29:00 AM,C,26
7/21/19 4:59:00 AM,C,26
7/21/19 5:29:00 AM,C,26
7/21/19 5:59:00 AM,C,25.5
7/21/19 6:29:00 AM,C,26
7/21/19 6:59:00 AM,C,26.5
7/21/19 7:29:00 AM,C,27
7/21/19 7:59:00 AM,C,28
7/21/19 8:29:00 AM,C,28.5
7/21/19 8:59:00 AM,C,29
7/21/19 9:29:00 AM,C,30
7/21/19 9:59:00 AM,C,30.5
7/21/19 10:29:00 AM,C,31
7/21/19 10:59:00 AM,C,31.5
7/21/19 11:29:00 AM,C,32.5
7/21/19 11:59:00 AM,C,32.5
7/21/19 12:29:00 PM,C,32.5
7/21/19 12:59:00 PM,C,33
7/21/19 1:29:00 PM,C,33
7/21/19 1:59:00 PM,C,33.5
7/21/19 2:29:00 PM,C,33.5
7/21/19 2:59:00 PM,C,35.5
7/21/19 3:29:00 PM,C,38.5
7/21/19 3:59:00 PM,C,39.5
7/21/19 4:29:00 PM,C,43.5
7/21/19 4:59:00 PM,C,39
7/21/19 5:29:00 PM,C,42
7/21/19 5:59:00 PM,C,34
7/21/19 6:29:00 PM,C,31.5
7/21/19 6:59:00 PM,C,31
7/21/19 7:29:00 PM,C,30.5
7/21/19 7:59:00 PM,C,29.5
7/21/19 8:29:00 PM,C,29
7/21/19 8:59:00 PM,C,29
7/21/19 9:29:00 PM,C,28.5
7/21/19 9:59:00 PM,C,28.5
7/21/19 10:29:00 PM,C,28.5
7/21/19 10:59:00 PM,C,28.5
7/21/19 11:29:00 PM,C,28
7/21/19 11:59:00 PM,C,28
7/22/19 12:29:00 AM,C,28
7/22/19 12:59:00 AM,C,27.5
7/22/19 1:29:00 AM,C,27.5
7/22/19 1:59:00 AM,C,27.5
7/22/19 2:29:00 AM,C,27.5
7/22/19 2:59:00 AM,C,27.5
7/22/19 3:29:00 AM,C,27.5
7/22/19 3:59:00 AM,C,27
7/22/19 4:29:00 AM,C,27.5
7/22/19 4:59:00 AM,C,27.5
7/22/19 5:29:00 AM,C,27
7/22/19 5:59:00 AM,C,27
7/22/19 6:29:00 AM,C,27
7/22/19 6:59:00 AM,C,27
7/22/19 7:29:00 AM,C,27.5
7/22/19 7:59:00 AM,C,28.5
7/22/19 8:29:00 AM,C,29.5
7/22/19 8:59:00 AM,C,30
7/22/19 9:29:00 AM,C,31
7/22/19 9:59:00 AM,C,31.5
7/22/19 10:29:00 AM,C,31.5
7/22/19 10:59:00 AM,C,30.5
7/22/19 11:29:00 AM,C,32
7/22/19 11:59:00 AM,C,30.5
7/22/19 12:29:00 PM,C,30.5
7/22/19 12:59:00 PM,C,31
7/22/19 1:29:00 PM,C,33
7/22/19 1:59:00 PM,C,33.5
7/22/19 2:29:00 PM,C,34.5
7/22/19 2:59:00 PM,C,35
7/22/19 3:29:00 PM,C,38.5
7/22/19 3:59:00 PM,C,40.5
7/22/19 4:29:00 PM,C,43
7/22/19 4:59:00 PM,C,45.5
7/22/19 5:29:00 PM,C,47
7/22/19 5:59:00 PM,C,34
7/22/19 6:29:00 PM,C,33
7/22/19 6:59:00 PM,C,31
7/22/19 7:29:00 PM,C,30
7/22/19 7:59:00 PM,C,29.5
7/22/19 8:29:00 PM,C,29.5
7/22/19 8:59:00 PM,C,29
7/22/19 9:29:00 PM,C,29
7/22/19 9:59:00 PM,C,29
7/22/19 10:29:00 PM,C,29
7/22/19 10:59:00 PM,C,28.5
7/22/19 11:29:00 PM,C,28.5
7/22/19 11:59:00 PM,C,28.5
7/23/19 12:29:00 AM,C,28.5
7/23/19 12:59:00 AM,C,28.5
7/23/19 1:29:00 AM,C,28.5
7/23/19 1:59:00 AM,C,28
7/23/19 2:29:00 AM,C,28
7/23/19 2:59:00 AM,C,28
7/23/19 3:29:00 AM,C,27.5
7/23/19 3:59:00 AM,C,27.5
7/23/19 4:29:00 AM,C,27.5
7/23/19 4:59:00 AM,C,27.5
7/23/19 5:29:00 AM,C,27.5
7/23/19 5:59:00 AM,C,27.5
7/23/19 6:29:00 AM,C,27.5
7/23/19 6:59:00 AM,C,28
7/23/19 7:29:00 AM,C,28.5
7/23/19 7:59:00 AM,C,29
7/23/19 8:29:00 AM,C,29.5
7/23/19 8:59:00 AM,C,30.5
7/23/19 9:29:00 AM,C,31.5
7/23/19 9:59:00 AM,C,32
7/23/19 10:29:00 AM,C,32.5
7/23/19 10:59:00 AM,C,32
7/23/19 11:29:00 AM,C,32.5
7/23/19 11:59:00 AM,C,33
7/23/19 12:29:00 PM,C,34
7/23/19 12:59:00 PM,C,34
7/23/19 1:29:00 PM,C,34.5
7/23/19 1:59:00 PM,C,34.5
7/23/19 2:29:00 PM,C,36.5
7/23/19 2:59:00 PM,C,37.5
7/23/19 3:29:00 PM,C,38.5
7/23/19 3:59:00 PM,C,43
7/23/19 4:29:00 PM,C,37.5
7/23/19 4:59:00 PM,C,37.5
7/23/19 5:29:00 PM,C,35.5
7/23/19 5:59:00 PM,C,37
7/23/19 6:29:00 PM,C,32.5
7/23/19 6:59:00 PM,C,31
7/23/19 7:29:00 PM,C,30
7/23/19 7:59:00 PM,C,30
7/23/19 8:29:00 PM,C,29.5
7/23/19 8:59:00 PM,C,29.5
7/23/19 9:29:00 PM,C,29
7/23/19 9:59:00 PM,C,29
7/23/19 10:29:00 PM,C,29
7/23/19 10:59:00 PM,C,29
7/23/19 11:29:00 PM,C,29
7/23/19 11:59:00 PM,C,28.5
7/24/19 12:29:00 AM,C,29
7/24/19 12:59:00 AM,C,28.5
7/24/19 1:29:00 AM,C,28
7/24/19 1:59:00 AM,C,28
7/24/19 2:29:00 AM,C,28
7/24/19 2:59:00 AM,C,28
7/24/19 3:29:00 AM,C,28
7/24/19 3:59:00 AM,C,28
7/24/19 4:29:00 AM,C,28
7/24/19 4:59:00 AM,C,28
7/24/19 5:29:00 AM,C,28
7/24/19 5:59:00 AM,C,28
7/24/19 6:29:00 AM,C,28
7/24/19 6:59:00 AM,C,28
7/24/19 7:29:00 AM,C,28.5
7/24/19 7:59:00 AM,C,29.5
7/24/19 8:29:00 AM,C,29.5
7/24/19 8:59:00 AM,C,30.5
7/24/19 9:29:00 AM,C,31
7/24/19 9:59:00 AM,C,32
7/24/19 10:29:00 AM,C,32.5
7/24/19 10:59:00 AM,C,33
7/24/19 11:29:00 AM,C,33.5
7/24/19 11:59:00 AM,C,34
7/24/19 12:29:00 PM,C,34.5
7/24/19 12:59:00 PM,C,34.5
7/24/19 1:29:00 PM,C,34.5
7/24/19 1:59:00 PM,C,35
7/24/19 2:29:00 PM,C,36
7/24/19 2:59:00 PM,C,37
7/24/19 3:29:00 PM,C,38.5
7/24/19 3:59:00 PM,C,39.5
7/24/19 4:29:00 PM,C,41.5
7/24/19 4:59:00 PM,C,42
7/24/19 5:29:00 PM,C,42.5
7/24/19 5:59:00 PM,C,39.5
7/24/19 6:29:00 PM,C,35.5
7/24/19 6:59:00 PM,C,32.5
7/24/19 7:29:00 PM,C,31
7/24/19 7:59:00 PM,C,31
7/24/19 8:29:00 PM,C,30.5
7/24/19 8:59:00 PM,C,30.5
7/24/19 9:29:00 PM,C,29.5
7/24/19 9:59:00 PM,C,29.5
7/24/19 10:29:00 PM,C,29
7/24/19 10:59:00 PM,C,29
7/24/19 11:29:00 PM,C,29
7/24/19 11:59:00 PM,C,28.5
7/25/19 12:29:00 AM,C,28.5
7/25/19 12:59:00 AM,C,28.5
7/25/19 1:29:00 AM,C,28.5
7/25/19 1:59:00 AM,C,28.5
7/25/19 2:29:00 AM,C,28
7/25/19 2:59:00 AM,C,28
7/25/19 3:29:00 AM,C,28
7/25/19 3:59:00 AM,C,28
7/25/19 4:29:00 AM,C,27.5
7/25/19 4:59:00 AM,C,27.5
7/25/19 5:29:00 AM,C,27.5
7/25/19 5:59:00 AM,C,27.5
7/25/19 6:29:00 AM,C,27.5
7/25/19 6:59:00 AM,C,28
7/25/19 7:29:00 AM,C,28.5
7/25/19 7:59:00 AM,C,29.5
7/25/19 8:29:00 AM,C,30.5
7/25/19 8:59:00 AM,C,31
7/25/19 9:29:00 AM,C,32
7/25/19 9:59:00 AM,C,32.5
7/25/19 10:29:00 AM,C,33
7/25/19 10:59:00 AM,C,33.5
7/25/19 11:29:00 AM,C,34
7/25/19 11:59:00 AM,C,35
7/25/19 12:29:00 PM,C,34
7/25/19 12:59:00 PM,C,31
7/25/19 1:29:00 PM,C,32
7/25/19 1:59:00 PM,C,33.5
7/25/19 2:29:00 PM,C,34.5
7/25/19 2:59:00 PM,C,36
7/25/19 3:29:00 PM,C,35.5
7/25/19 3:59:00 PM,C,33.5
7/25/19 4:29:00 PM,C,33
7/25/19 4:59:00 PM,C,32.5
7/25/19 5:29:00 PM,C,35
7/25/19 5:59:00 PM,C,34.5
7/25/19 6:29:00 PM,C,31.5
7/25/19 6:59:00 PM,C,30.5
7/25/19 7:29:00 PM,C,30
7/25/19 7:59:00 PM,C,29.5
7/25/19 8:29:00 PM,C,29.5
7/25/19 8:59:00 PM,C,29.5
7/25/19 9:29:00 PM,C,29
7/25/19 9:59:00 PM,C,29
7/25/19 10:29:00 PM,C,29
7/25/19 10:59:00 PM,C,29
7/25/19 11:29:00 PM,C,28.5
7/25/19 11:59:00 PM,C,28.5
7/26/19 12:29:00 AM,C,28.5
7/26/19 12:59:00 AM,C,28
7/26/19 1:29:00 AM,C,28
7/26/19 1:59:00 AM,C,28
7/26/19 2:29:00 AM,C,28
7/26/19 2:59:00 AM,C,28
7/26/19 3:29:00 AM,C,28
7/26/19 3:59:00 AM,C,28
7/26/19 4:29:00 AM,C,28
7/26/19 4:59:00 AM,C,28
7/26/19 5:29:00 AM,C,28
7/26/19 5:59:00 AM,C,28
7/26/19 6:29:00 AM,C,28
7/26/19 6:59:00 AM,C,28.5
7/26/19 7:29:00 AM,C,29
7/26/19 7:59:00 AM,C,29.5
7/26/19 8:29:00 AM,C,30.5
7/26/19 8:59:00 AM,C,30
7/26/19 9:29:00 AM,C,28.5
7/26/19 9:59:00 AM,C,30
7/26/19 10:29:00 AM,C,31
7/26/19 10:59:00 AM,C,31
7/26/19 11:29:00 AM,C,32
7/26/19 11:59:00 AM,C,33
7/26/19 12:29:00 PM,C,33
7/26/19 12:59:00 PM,C,33.5
7/26/19 1:29:00 PM,C,34
7/26/19 1:59:00 PM,C,34.5
7/26/19 2:29:00 PM,C,35
7/26/19 2:59:00 PM,C,35.5
7/26/19 3:29:00 PM,C,37
7/26/19 3:59:00 PM,C,37.5
7/26/19 4:29:00 PM,C,37.5
7/26/19 4:59:00 PM,C,38
7/26/19 5:29:00 PM,C,38
7/26/19 5:59:00 PM,C,36.5
7/26/19 6:29:00 PM,C,33.5
7/26/19 6:59:00 PM,C,31.5
7/26/19 7:29:00 PM,C,31
7/26/19 7:59:00 PM,C,30
7/26/19 8:29:00 PM,C,30.5
7/26/19 8:59:00 PM,C,30
7/26/19 9:29:00 PM,C,29.5
7/26/19 9:59:00 PM,C,29.5
7/26/19 10:29:00 PM,C,29.5
7/26/19 10:59:00 PM,C,29
7/26/19 11:29:00 PM,C,29
7/26/19 11:59:00 PM,C,29
7/27/19 12:29:00 AM,C,29
7/27/19 12:59:00 AM,C,28.5
7/27/19 1:29:00 AM,C,28.5
7/27/19 1:59:00 AM,C,28.5
7/27/19 2:29:00 AM,C,28.5
7/27/19 2:59:00 AM,C,28.5
7/27/19 3:29:00 AM,C,28.5
7/27/19 3:59:00 AM,C,28
7/27/19 4:29:00 AM,C,28
7/27/19 4:59:00 AM,C,28
7/27/19 5:29:00 AM,C,28
7/27/19 5:59:00 AM,C,28
7/27/19 6:29:00 AM,C,28
7/27/19 6:59:00 AM,C,28.5
7/27/19 7:29:00 AM,C,29
7/27/19 7:59:00 AM,C,29.5
7/27/19 8:29:00 AM,C,30.5
7/27/19 8:59:00 AM,C,31
7/27/19 9:29:00 AM,C,32
7/27/19 9:59:00 AM,C,32.5
7/27/19 10:29:00 AM,C,33
7/27/19 10:59:00 AM,C,33.5
7/27/19 11:29:00 AM,C,34.5
7/27/19 11:59:00 AM,C,34.5
7/27/19 12:29:00 PM,C,35
7/27/19 12:59:00 PM,C,35
7/27/19 1:29:00 PM,C,35
7/27/19 1:59:00 PM,C,36
7/27/19 2:29:00 PM,C,35.5
7/27/19 2:59:00 PM,C,36.5
7/27/19 3:29:00 PM,C,39.5
7/27/19 3:59:00 PM,C,40.5
7/27/19 4:29:00 PM,C,42.5
7/27/19 4:59:00 PM,C,37
7/27/19 5:29:00 PM,C,40.5
7/27/19 5:59:00 PM,C,41
7/27/19 6:29:00 PM,C,36.5
7/27/19 6:59:00 PM,C,33
7/27/19 7:29:00 PM,C,31.5
7/27/19 7:59:00 PM,C,31
7/27/19 8:29:00 PM,C,30.5
7/27/19 8:59:00 PM,C,30.5
7/27/19 9:29:00 PM,C,30
7/27/19 9:59:00 PM,C,30
7/27/19 10:29:00 PM,C,29.5
7/27/19 10:59:00 PM,C,29.5
7/27/19 11:29:00 PM,C,29
7/27/19 11:59:00 PM,C,29
7/28/19 12:29:00 AM,C,28.5
7/28/19 12:59:00 AM,C,28.5
7/28/19 1:29:00 AM,C,27
7/28/19 1:59:00 AM,C,27
7/28/19 2:29:00 AM,C,27
7/28/19 2:59:00 AM,C,27
7/28/19 3:29:00 AM,C,27
7/28/19 3:59:00 AM,C,26.5
7/28/19 4:29:00 AM,C,26.5
7/28/19 4:59:00 AM,C,26.5
7/28/19 5:29:00 AM,C,27
7/28/19 5:59:00 AM,C,27
7/28/19 6:29:00 AM,C,27
7/28/19 6:59:00 AM,C,27.5
7/28/19 7:29:00 AM,C,28
7/28/19 7:59:00 AM,C,28.5
7/28/19 8:29:00 AM,C,29
7/28/19 8:59:00 AM,C,30.5
7/28/19 9:29:00 AM,C,31.5
7/28/19 9:59:00 AM,C,32
7/28/19 10:29:00 AM,C,32.5
7/28/19 10:59:00 AM,C,33.5
7/28/19 11:29:00 AM,C,34
7/28/19 11:59:00 AM,C,34
7/28/19 12:29:00 PM,C,34.5
7/28/19 12:59:00 PM,C,34.5
7/28/19 1:29:00 PM,C,34.5
7/28/19 1:59:00 PM,C,35
7/28/19 2:29:00 PM,C,37
7/28/19 2:59:00 PM,C,37
7/28/19 3:29:00 PM,C,39.5
7/28/19 3:59:00 PM,C,41
7/28/19 4:29:00 PM,C,42
7/28/19 4:59:00 PM,C,43
7/28/19 5:29:00 PM,C,43
7/28/19 5:59:00 PM,C,38.5
7/28/19 6:29:00 PM,C,37.5
7/28/19 6:59:00 PM,C,33.5
7/28/19 7:29:00 PM,C,32
7/28/19 7:59:00 PM,C,31.5
7/28/19 8:29:00 PM,C,30.5
7/28/19 8:59:00 PM,C,30.5
7/28/19 9:29:00 PM,C,30
7/28/19 9:59:00 PM,C,30
7/28/19 10:29:00 PM,C,29.5
7/28/19 10:59:00 PM,C,29.5
7/28/19 11:29:00 PM,C,29.5
7/28/19 11:59:00 PM,C,28.5
7/29/19 12:29:00 AM,C,26.5
7/29/19 12:59:00 AM,C,26.5
7/29/19 1:29:00 AM,C,26
7/29/19 1:59:00 AM,C,25.5
7/29/19 2:29:00 AM,C,25
7/29/19 2:59:00 AM,C,25
7/29/19 3:29:00 AM,C,25.5
7/29/19 3:59:00 AM,C,26
7/29/19 4:29:00 AM,C,26
7/29/19 4:59:00 AM,C,26
7/29/19 5:29:00 AM,C,26
7/29/19 5:59:00 AM,C,26
7/29/19 6:29:00 AM,C,26
7/29/19 6:59:00 AM,C,26
7/29/19 7:29:00 AM,C,27
7/29/19 7:59:00 AM,C,27.5
7/29/19 8:29:00 AM,C,28
7/29/19 8:59:00 AM,C,29
7/29/19 9:29:00 AM,C,28.5
7/29/19 9:59:00 AM,C,29.5
7/29/19 10:29:00 AM,C,30.5
7/29/19 10:59:00 AM,C,31
7/29/19 11:29:00 AM,C,31
7/29/19 11:59:00 AM,C,29.5
7/29/19 12:29:00 PM,C,30
7/29/19 12:59:00 PM,C,31.5
7/29/19 1:29:00 PM,C,32
7/29/19 1:59:00 PM,C,32.5
7/29/19 2:29:00 PM,C,32.5
7/29/19 2:59:00 PM,C,32.5
7/29/19 3:29:00 PM,C,30.5
7/29/19 3:59:00 PM,C,30.5
7/29/19 4:29:00 PM,C,31.5
7/29/19 4:59:00 PM,C,31
7/29/19 5:29:00 PM,C,30.5
7/29/19 5:59:00 PM,C,30
7/29/19 6:29:00 PM,C,29.5
7/29/19 6:59:00 PM,C,29
7/29/19 7:29:00 PM,C,29
7/29/19 7:59:00 PM,C,28
7/29/19 8:29:00 PM,C,27
7/29/19 8:59:00 PM,C,26.5
7/29/19 9:29:00 PM,C,26.5
7/29/19 9:59:00 PM,C,26.5
7/29/19 10:29:00 PM,C,27
7/29/19 10:59:00 PM,C,25.5
7/29/19 11:29:00 PM,C,26
7/29/19 11:59:00 PM,C,25.5
7/30/19 12:29:00 AM,C,26
7/30/19 12:59:00 AM,C,26
7/30/19 1:29:00 AM,C,26
7/30/19 1:59:00 AM,C,26
7/30/19 2:29:00 AM,C,26
7/30/19 2:59:00 AM,C,26
7/30/19 3:29:00 AM,C,26
7/30/19 3:59:00 AM,C,26
7/30/19 4:29:00 AM,C,26
7/30/19 4:59:00 AM,C,26
7/30/19 5:29:00 AM,C,25
7/30/19 5:59:00 AM,C,24
7/30/19 6:29:00 AM,C,24
7/30/19 6:59:00 AM,C,24
7/30/19 7:29:00 AM,C,24.5
7/30/19 7:59:00 AM,C,24
7/30/19 8:29:00 AM,C,24
7/30/19 8:59:00 AM,C,24
7/30/19 9:29:00 AM,C,24
7/30/19 9:59:00 AM,C,23.5
7/30/19 10:29:00 AM,C,23
7/30/19 10:59:00 AM,C,23.5
7/30/19 11:29:00 AM,C,24
7/30/19 11:59:00 AM,C,24
7/30/19 12:29:00 PM,C,25
7/30/19 12:59:00 PM,C,25.5
7/30/19 1:29:00 PM,C,26
7/30/19 1:59:00 PM,C,26.5
7/30/19 2:29:00 PM,C,26.5
7/30/19 2:59:00 PM,C,25.5
7/30/19 3:29:00 PM,C,25
7/30/19 3:59:00 PM,C,24
7/30/19 4:29:00 PM,C,24
7/30/19 4:59:00 PM,C,24
7/30/19 5:29:00 PM,C,24.5
7/30/19 5:59:00 PM,C,24.5
7/30/19 6:29:00 PM,C,24.5
7/30/19 6:59:00 PM,C,24.5
7/30/19 7:29:00 PM,C,24
7/30/19 7:59:00 PM,C,24
7/30/19 8:29:00 PM,C,24
7/30/19 8:59:00 PM,C,24
7/30/19 9:29:00 PM,C,24
7/30/19 9:59:00 PM,C,24.5
7/30/19 10:29:00 PM,C,25
7/30/19 10:59:00 PM,C,25
7/30/19 11:29:00 PM,C,25.5
7/30/19 11:59:00 PM,C,25
7/31/19 12:29:00 AM,C,25
7/31/19 12:59:00 AM,C,25
7/31/19 1:29:00 AM,C,25
7/31/19 1:59:00 AM,C,25
7/31/19 2:29:00 AM,C,24.5
7/31/19 2:59:00 AM,C,24.5
7/31/19 3:29:00 AM,C,24.5
7/31/19 3:59:00 AM,C,24
7/31/19 4:29:00 AM,C,24.5
7/31/19 4:59:00 AM,C,24.5
7/31/19 5:29:00 AM,C,23.5
7/31/19 5:59:00 AM,C,23
7/31/19 6:29:00 AM,C,23
7/31/19 6:59:00 AM,C,23.5
7/31/19 7:29:00 AM,C,24
7/31/19 7:59:00 AM,C,24.5
7/31/19 8:29:00 AM,C,25
7/31/19 8:59:00 AM,C,25.5
7/31/19 9:29:00 AM,C,25.5
7/31/19 9:59:00 AM,C,26.5
7/31/19 10:29:00 AM,C,28
7/31/19 10:59:00 AM,C,29
7/31/19 11:29:00 AM,C,29
7/31/19 11:59:00 AM,C,26
7/31/19 12:29:00 PM,C,26
7/31/19 12:59:00 PM,C,25.5
7/31/19 1:29:00 PM,C,26
7/31/19 1:59:00 PM,C,26.5
7/31/19 2:29:00 PM,C,26
7/31/19 2:59:00 PM,C,26
7/31/19 3:29:00 PM,C,26.5
7/31/19 3:59:00 PM,C,26.5
7/31/19 4:29:00 PM,C,26.5
7/31/19 4:59:00 PM,C,26
7/31/19 5:29:00 PM,C,25.5
7/31/19 5:59:00 PM,C,25
7/31/19 6:29:00 PM,C,25
7/31/19 6:59:00 PM,C,24
7/31/19 7:29:00 PM,C,24
7/31/19 7:59:00 PM,C,24
7/31/19 8:29:00 PM,C,23.5
7/31/19 8:59:00 PM,C,23.5
7/31/19 9:29:00 PM,C,23.5
7/31/19 9:59:00 PM,C,23
7/31/19 10:29:00 PM,C,23.5
7/31/19 10:59:00 PM,C,23.5
7/31/19 11:29:00 PM,C,23.5
7/31/19 11:59:00 PM,C,23.5
8/1/19 12:29:00 AM,C,23.5
8/1/19 12:59:00 AM,C,23.5
8/1/19 1:29:00 AM,C,23.5
8/1/19 1:59:00 AM,C,23.5
8/1/19 2:29:00 AM,C,23.5
8/1/19 2:59:00 AM,C,23.5
8/1/19 3:29:00 AM,C,23.5
8/1/19 3:59:00 AM,C,23.5
8/1/19 4:29:00 AM,C,24.5
8/1/19 4:59:00 AM,C,25
8/1/19 5:29:00 AM,C,25
8/1/19 5:59:00 AM,C,25
8/1/19 6:29:00 AM,C,25
8/1/19 6:59:00 AM,C,25.5
8/1/19 7:29:00 AM,C,26
8/1/19 7:59:00 AM,C,26
8/1/19 8:29:00 AM,C,26.5
8/1/19 8:59:00 AM,C,27
8/1/19 9:29:00 AM,C,27.5
8/1/19 9:59:00 AM,C,28
8/1/19 10:29:00 AM,C,29
8/1/19 10:59:00 AM,C,30
8/1/19 11:29:00 AM,C,31
8/1/19 11:59:00 AM,C,31.5
8/1/19 12:29:00 PM,C,31.5
8/1/19 12:59:00 PM,C,32.5
8/1/19 1:29:00 PM,C,33.5
8/1/19 1:59:00 PM,C,33
8/1/19 2:29:00 PM,C,33
8/1/19 2:59:00 PM,C,33
8/1/19 3:29:00 PM,C,32
8/1/19 3:59:00 PM,C,31.5
8/1/19 4:29:00 PM,C,30.5
8/1/19 4:59:00 PM,C,29.5
8/1/19 5:29:00 PM,C,29.5
8/1/19 5:59:00 PM,C,29
8/1/19 6:29:00 PM,C,29
8/1/19 6:59:00 PM,C,28.5
8/1/19 7:29:00 PM,C,28.5
8/1/19 7:59:00 PM,C,28
8/1/19 8:29:00 PM,C,28
8/1/19 8:59:00 PM,C,27.5
8/1/19 9:29:00 PM,C,27.5
8/1/19 9:59:00 PM,C,27.5
8/1/19 10:29:00 PM,C,27.5
8/1/19 10:59:00 PM,C,27.5
8/1/19 11:29:00 PM,C,27.5
8/1/19 11:59:00 PM,C,27
8/2/19 12:29:00 AM,C,27
8/2/19 12:59:00 AM,C,27
8/2/19 1:29:00 AM,C,27
8/2/19 1:59:00 AM,C,27
8/2/19 2:29:00 AM,C,27
8/2/19 2:59:00 AM,C,27
8/2/19 3:29:00 AM,C,26.5
8/2/19 3:59:00 AM,C,26.5
8/2/19 4:29:00 AM,C,26.5
8/2/19 4:59:00 AM,C,26.5
8/2/19 5:29:00 AM,C,26.5
8/2/19 5:59:00 AM,C,26.5
8/2/19 6:29:00 AM,C,26.5
8/2/19 6:59:00 AM,C,27
8/2/19 7:29:00 AM,C,27.5
8/2/19 7:59:00 AM,C,28.5
8/2/19 8:29:00 AM,C,29
